[settings]
Rx = 9
Ry = 4
CourseDelta = 30

[pt0]
lat = 59.57.00042 
lon = 30.21.61851
course = 15
need_hits = 5

[pt1]
lat = 59.57.00042 
lon = 30.21.61851
course = 15
need_hits = 5

[pt2]
lat = 59.57.00042 
lon = 30.21.61851
course = 15
need_hits = 5

[pt3]
lat = 59.57.00042 
lon = 30.21.61851
course = 15
need_hits = 5


