[hit0]
pointID = 1
time = 1313752332
lat = 59.57.00044
lon = 30.21.61861
course = 12

[missing0]
time = 1313762333
lat = 59.50.00044
lon = 30.20.61861
